0	QUICKS	50.0	0.0	50	50.0	50.0	50.0	50	SLOWS	0.0	0.0	0	0.0	0.0	0.0	0
1	QUICKS	46.8328	17.45404416	0	46.0	47.0	48.0	50	SLOWS	2.676	2.612224	0	1.0	3.0	4.0	11
2	QUICKS	33.668	163.456576	0	24.0	39.0	42.0	49	SLOWS	7.4608	13.62086336	0	5.0	8.0	10.0	19
3	QUICKS	15.701	139.395599	0	5.0	13.0	26.0	43	SLOWS	7.726	37.807724	0	2.0	6.0	12.0	28
4	QUICKS	5.8956	37.08190064	0	1.0	4.0	8.0	34	SLOWS	5.2366	29.05622044	0	1.0	4.0	7.0	32
5	QUICKS	2.5514	8.80415804	0	0.0	2.0	4.0	28	SLOWS	3.6674	16.42237724	0	0.0	2.0	4.0	31
6	QUICKS	1.2066	2.66711644	0	0.0	1.0	2.0	16	SLOWS	2.718	10.302076	0	0.0	2.0	4.0	32
7	QUICKS	0.6936	1.25491904	0	0.0	0.0	0.0	10	SLOWS	2.4132	8.58646576	0	0.0	1.0	2.0	29
8	QUICKS	0.3936	0.55307904	0	0.0	0.0	0.0	6	SLOWS	2.1598	6.49866396	0	0.0	1.0	2.0	22
9	QUICKS	0.2628	0.33653616	0	0.0	0.0	0.0	6	SLOWS	2.1374	6.54172124	0	0.0	1.0	2.0	22
10	QUICKS	0.1648	0.19604096	0	0.0	0.0	0.0	5	SLOWS	2.2712	7.19205056	0	0.0	1.0	2.0	25
11	QUICKS	0.1096	0.12158784	0	0.0	0.0	0.0	4	SLOWS	2.2794	7.34093564	0	0.0	1.0	2.0	23
12	QUICKS	0.0836	0.08861104	0	0.0	0.0	0.0	3	SLOWS	2.4662	8.58685756	0	0.0	2.0	4.0	24
13	QUICKS	0.0564	0.06081904	0	0.0	0.0	0.0	3	SLOWS	2.4782	8.62432476	0	0.0	2.0	4.0	24
14	QUICKS	0.0372	0.03741616	0	0.0	0.0	0.0	2	SLOWS	2.5412	8.91510256	0	0.0	2.0	4.0	26
15	QUICKS	0.0282	0.02900476	0	0.0	0.0	0.0	2	SLOWS	2.629	9.661759	0	0.0	2.0	4.0	29
16	QUICKS	0.0156	0.01575664	0	0.0	0.0	0.0	2	SLOWS	2.7124	10.16888624	0	0.0	2.0	4.0	31
17	QUICKS	0.014	0.013804	0	0.0	0.0	0.0	1	SLOWS	2.6612	10.04441456	0	0.0	2.0	4.0	29
18	QUICKS	0.0102	0.01049596	0	0.0	0.0	0.0	2	SLOWS	2.705	9.904775	0	0.0	2.0	4.0	39
19	QUICKS	0.006	0.006364	0	0.0	0.0	0.0	2	SLOWS	2.6514	9.90867804	0	0.0	2.0	4.0	21
20	QUICKS	0.0052	0.00517296	0	0.0	0.0	0.0	1	SLOWS	2.6564	9.94793904	0	0.0	2.0	4.0	33
21	QUICKS	0.0032	0.00318976	0	0.0	0.0	0.0	1	SLOWS	2.5412	9.20470256	0	0.0	2.0	4.0	27
22	QUICKS	0.0022	0.00219516	0	0.0	0.0	0.0	1	SLOWS	2.439	8.371479	0	0.0	2.0	4.0	29
23	QUICKS	0.0018	0.00179676	0	0.0	0.0	0.0	1	SLOWS	2.3658	8.10879036	0	0.0	1.0	2.0	24
24	QUICKS	0.002	0.001996	0	0.0	0.0	0.0	1	SLOWS	2.2464	7.27088704	0	0.0	1.0	2.0	25
25	QUICKS	0.0008	0.00079936	0	0.0	0.0	0.0	1	SLOWS	2.2138	7.25568956	0	0.0	1.0	2.0	23
26	QUICKS	0.0008	0.00079936	0	0.0	0.0	0.0	1	SLOWS	2.1588	6.83358256	0	0.0	1.0	2.0	22
27	QUICKS	0.0002	0.00019996	0	0.0	0.0	0.0	1	SLOWS	2.0298	6.08651196	0	0.0	1.0	2.0	19
28	QUICKS	0.0006	0.00059964	0	0.0	0.0	0.0	1	SLOWS	1.978	5.718716	0	0.0	1.0	2.0	20
29	QUICKS	0.0004	0.00039984	0	0.0	0.0	0.0	1	SLOWS	1.9786	6.09694204	0	0.0	1.0	2.0	26
30	QUICKS	0.0	0.0	0	0.0	0.0	0.0	0	SLOWS	1.8474	5.04971324	0	0.0	1.0	2.0	20
31	QUICKS	0.0	0.0	0	0.0	0.0	0.0	0	SLOWS	1.8414	5.24624604	0	0.0	1.0	2.0	18
32	QUICKS	0.0002	0.00019996	0	0.0	0.0	0.0	1	SLOWS	1.7844	4.91351664	0	0.0	1.0	2.0	19
33	QUICKS	0.0	0.0	0	0.0	0.0	0.0	0	SLOWS	1.6824	4.44393024	0	0.0	1.0	2.0	19
34	QUICKS	0.0	0.0	0	0.0	0.0	0.0	0	SLOWS	1.6132	4.17798576	0	0.0	1.0	2.0	18
35	QUICKS	0.0	0.0	0	0.0	0.0	0.0	0	SLOWS	1.5432	4.01573376	0	0.0	1.0	2.0	15
36	QUICKS	0.0	0.0	0	0.0	0.0	0.0	0	SLOWS	1.4966	3.83158844	0	0.0	1.0	2.0	16
37	QUICKS	0.0	0.0	0	0.0	0.0	0.0	0	SLOWS	1.4858	3.62099836	0	0.0	1.0	2.0	17
38	QUICKS	0.0	0.0	0	0.0	0.0	0.0	0	SLOWS	1.4308	3.44121136	0	0.0	1.0	2.0	14
39	QUICKS	0.0	0.0	0	0.0	0.0	0.0	0	SLOWS	1.371	3.178159	0	0.0	1.0	2.0	16
40	QUICKS	0.0	0.0	0	0.0	0.0	0.0	0	SLOWS	1.2738	2.91683356	0	0.0	1.0	2.0	15
41	QUICKS	0.0	0.0	0	0.0	0.0	0.0	0	SLOWS	1.2978	2.89911516	0	0.0	1.0	2.0	14
42	QUICKS	0.0	0.0	0	0.0	0.0	0.0	0	SLOWS	1.1874	2.58148124	0	0.0	1.0	2.0	15
43	QUICKS	0.0	0.0	0	0.0	0.0	0.0	0	SLOWS	1.1886	2.65663004	0	0.0	1.0	2.0	13
44	QUICKS	0.0	0.0	0	0.0	0.0	0.0	0	SLOWS	1.1828	2.60978416	0	0.0	1.0	2.0	14
45	QUICKS	0.0	0.0	0	0.0	0.0	0.0	0	SLOWS	1.0978	2.31703516	0	0.0	1.0	2.0	17
46	QUICKS	0.0	0.0	0	0.0	0.0	0.0	0	SLOWS	1.095	2.247975	0	0.0	1.0	2.0	16
47	QUICKS	0.0	0.0	0	0.0	0.0	0.0	0	SLOWS	1.0198	2.08820796	0	0.0	1.0	1.0	15
48	QUICKS	0.0	0.0	0	0.0	0.0	0.0	0	SLOWS	1.0476	2.24613424	0	0.0	1.0	2.0	16
49	QUICKS	0.0	0.0	0	0.0	0.0	0.0	0	SLOWS	0.9286	1.77590204	0	0.0	0.0	0.0	12
50	QUICKS	0.0	0.0	0	0.0	0.0	0.0	0	SLOWS	0.9432	1.88837376	0	0.0	0.0	0.0	11
51	QUICKS	0.0	0.0	0	0.0	0.0	0.0	0	SLOWS	0.8976	1.63431424	0	0.0	0.0	0.0	10
52	QUICKS	0.0	0.0	0	0.0	0.0	0.0	0	SLOWS	0.8578	1.59077916	0	0.0	0.0	0.0	9
53	QUICKS	0.0	0.0	0	0.0	0.0	0.0	0	SLOWS	0.8486	1.51527804	0	0.0	0.0	0.0	10
54	QUICKS	0.0	0.0	0	0.0	0.0	0.0	0	SLOWS	0.8148	1.51490096	0	0.0	0.0	0.0	11
55	QUICKS	0.0	0.0	0	0.0	0.0	0.0	0	SLOWS	0.7776	1.42813824	0	0.0	0.0	0.0	10
56	QUICKS	0.0	0.0	0	0.0	0.0	0.0	0	SLOWS	0.7362	1.26860956	0	0.0	0.0	0.0	8
57	QUICKS	0.0	0.0	0	0.0	0.0	0.0	0	SLOWS	0.733	1.430911	0	0.0	0.0	0.0	13
58	QUICKS	0.0	0.0	0	0.0	0.0	0.0	0	SLOWS	0.6982	1.18871676	0	0.0	0.0	0.0	12
59	QUICKS	0.0	0.0	0	0.0	0.0	0.0	0	SLOWS	0.6736	1.09266304	0	0.0	0.0	0.0	9
60	QUICKS	0.0	0.0	0	0.0	0.0	0.0	0	SLOWS	0.6144	0.97571264	0	0.0	0.0	0.0	7
61	QUICKS	0.0	0.0	0	0.0	0.0	0.0	0	SLOWS	0.6342	1.08439036	0	0.0	0.0	0.0	11
62	QUICKS	0.0	0.0	0	0.0	0.0	0.0	0	SLOWS	0.5874	0.92796124	0	0.0	0.0	0.0	8
63	QUICKS	0.0	0.0	0	0.0	0.0	0.0	0	SLOWS	0.5776	0.87597824	0	0.0	0.0	0.0	8
64	QUICKS	0.0	0.0	0	0.0	0.0	0.0	0	SLOWS	0.5328	0.81572416	0	0.0	0.0	0.0	7
65	QUICKS	0.0	0.0	0	0.0	0.0	0.0	0	SLOWS	0.5366	0.82626044	0	0.0	0.0	0.0	7
66	QUICKS	0.0	0.0	0	0.0	0.0	0.0	0	SLOWS	0.5104	0.77829184	0	0.0	0.0	0.0	8
67	QUICKS	0.0	0.0	0	0.0	0.0	0.0	0	SLOWS	0.4702	0.69871196	0	0.0	0.0	0.0	6
68	QUICKS	0.0	0.0	0	0.0	0.0	0.0	0	SLOWS	0.4634	0.67106044	0	0.0	0.0	0.0	9
69	QUICKS	0.0	0.0	0	0.0	0.0	0.0	0	SLOWS	0.441	0.643319	0	0.0	0.0	0.0	8
70	QUICKS	0.0	0.0	0	0.0	0.0	0.0	0	SLOWS	0.4108	0.62604336	0	0.0	0.0	0.0	7
71	QUICKS	0.0	0.0	0	0.0	0.0	0.0	0	SLOWS	0.4164	0.58581104	0	0.0	0.0	0.0	6
72	QUICKS	0.0	0.0	0	0.0	0.0	0.0	0	SLOWS	0.3948	0.55053296	0	0.0	0.0	0.0	6
73	QUICKS	0.0	0.0	0	0.0	0.0	0.0	0	SLOWS	0.365	0.488975	0	0.0	0.0	0.0	7
74	QUICKS	0.0	0.0	0	0.0	0.0	0.0	0	SLOWS	0.3486	0.46267804	0	0.0	0.0	0.0	5
75	QUICKS	0.0	0.0	0	0.0	0.0	0.0	0	SLOWS	0.324	0.452224	0	0.0	0.0	0.0	5
76	QUICKS	0.0	0.0	0	0.0	0.0	0.0	0	SLOWS	0.3042	0.39846236	0	0.0	0.0	0.0	7
77	QUICKS	0.0	0.0	0	0.0	0.0	0.0	0	SLOWS	0.304	0.404384	0	0.0	0.0	0.0	5
78	QUICKS	0.0	0.0	0	0.0	0.0	0.0	0	SLOWS	0.2656	0.33065664	0	0.0	0.0	0.0	5
79	QUICKS	0.0	0.0	0	0.0	0.0	0.0	0	SLOWS	0.269	0.346639	0	0.0	0.0	0.0	5
80	QUICKS	0.0	0.0	0	0.0	0.0	0.0	0	SLOWS	0.2472	0.31849216	0	0.0	0.0	0.0	6
81	QUICKS	0.0	0.0	0	0.0	0.0	0.0	0	SLOWS	0.25	0.3275	0	0.0	0.0	0.0	9
82	QUICKS	0.0	0.0	0	0.0	0.0	0.0	0	SLOWS	0.234	0.278044	0	0.0	0.0	0.0	4
83	QUICKS	0.0	0.0	0	0.0	0.0	0.0	0	SLOWS	0.2072	0.24906816	0	0.0	0.0	0.0	5
84	QUICKS	0.0	0.0	0	0.0	0.0	0.0	0	SLOWS	0.1958	0.23546236	0	0.0	0.0	0.0	4
85	QUICKS	0.0	0.0	0	0.0	0.0	0.0	0	SLOWS	0.1706	0.19789564	0	0.0	0.0	0.0	4
86	QUICKS	0.0	0.0	0	0.0	0.0	0.0	0	SLOWS	0.1632	0.19216576	0	0.0	0.0	0.0	4
87	QUICKS	0.0	0.0	0	0.0	0.0	0.0	0	SLOWS	0.1554	0.17965084	0	0.0	0.0	0.0	4
88	QUICKS	0.0	0.0	0	0.0	0.0	0.0	0	SLOWS	0.1376	0.15746624	0	0.0	0.0	0.0	4
89	QUICKS	0.0	0.0	0	0.0	0.0	0.0	0	SLOWS	0.1262	0.13187356	0	0.0	0.0	0.0	3
90	QUICKS	0.0	0.0	0	0.0	0.0	0.0	0	SLOWS	0.1074	0.12186524	0	0.0	0.0	0.0	4
91	QUICKS	0.0	0.0	0	0.0	0.0	0.0	0	SLOWS	0.094	0.105164	0	0.0	0.0	0.0	3
92	QUICKS	0.0	0.0	0	0.0	0.0	0.0	0	SLOWS	0.083	0.088111	0	0.0	0.0	0.0	3
93	QUICKS	0.0	0.0	0	0.0	0.0	0.0	0	SLOWS	0.0726	0.07852924	0	0.0	0.0	0.0	3
94	QUICKS	0.0	0.0	0	0.0	0.0	0.0	0	SLOWS	0.064	0.071104	0	0.0	0.0	0.0	3
95	QUICKS	0.0	0.0	0	0.0	0.0	0.0	0	SLOWS	0.0508	0.05501936	0	0.0	0.0	0.0	3
96	QUICKS	0.0	0.0	0	0.0	0.0	0.0	0	SLOWS	0.0384	0.03932544	0	0.0	0.0	0.0	2
97	QUICKS	0.0	0.0	0	0.0	0.0	0.0	0	SLOWS	0.031	0.030839	0	0.0	0.0	0.0	2
98	QUICKS	0.0	0.0	0	0.0	0.0	0.0	0	SLOWS	0.0214	0.02094204	0	0.0	0.0	0.0	1
99	QUICKS	0.0	0.0	0	0.0	0.0	0.0	0	SLOWS	0.009	0.009319	0	0.0	0.0	0.0	2
